# ÉÇÉfÉãêî
17

data/MODEL/armor/900_body.x
data/MODEL/armor/901_scart.x
data/MODEL/armor/902_head.x
data/MODEL/armor/903_secondarmR.x
data/MODEL/armor/904_armR.x
data/MODEL/armor/905_handR.x
data/MODEL/armor/906_secondarmL.x
data/MODEL/armor/907_armL.x
data/MODEL/armor/908_handL.x
data/MODEL/armor/909_thighR.x
data/MODEL/armor/910_legR.x
data/MODEL/armor/911_footR.x
data/MODEL/armor/912_thighL.x
data/MODEL/armor/913_legL.x
data/MODEL/armor/914_footL.x
data/MODEL/armor/915_shield.x
data/MODEL/armor/916_sword2.x

-1
0
0
0
3
4
0
6
7
1
9
10
1
12
13
8
5

0.0 , 35.0 , 0.0
0.0 , 0.0 , 0.0
0.0 , 23.0 , 0.0
-8.0 , 17.0 , 0.0
-12.0 , 0.0 , 0.0
-9.5 , 0.0 , 0.0
8.0 , 17.0 , 2.0
12.0 , 0.0 , 0.0
9.5 , 1.0 , 0.0
-4.0 , -7.0 , 0.0
-0.0 , -12.0 , 0.0
0.0 , -12.0 , 0.0
4.5 , -7.0 , 0.0
0.0 , -12.0 , 0.0
0.0 , -12.0 , 0.0
0.0 , 0.0 , 0.0
-2.0 , -1.0 , 0.0

0.0 , 0.0 , 0.0
0.0 , 0.0 , 0.0
0.0 , 0.0 , 0.0
0.0 , 0.0 , 0.0
0.0 , 0.0 , 0.0
0.0 , 0.0 , 0.0
0.0 , 0.0 , 0.0
0.0 , 0.0 , 0.0
0.0 , 0.0 , 0.0
0.0 , 0.0 , 0.0
0.0 , 0.0 , 0.0
0.0 , 0.0 , 0.0
0.0 , 0.0 , 0.0
0.0 , 0.0 , 0.0
0.0 , 0.0 , 0.0
0.0 , 0.0 , 0.0
0.0 , 0.0 , 0.0

15
1
2

55

0.0 , -1.1 , 0.0
0.0 , 0.0 , 0.0
0.0 , 0.0 , 0.0
0.0 , 0.0 , 0.0
0.0 , 0.0 , 0.0
0.0 , 0.0 , 0.0
0.0 , 0.0 , 0.0
0.0 , 0.0 , 0.0
0.0 , 0.0 , 0.0
0.0 , 0.0 , 0.0
0.0 , 0.0 , 0.0
0.0 , 0.0 , 0.0
0.0 , 0.0 , 0.0
0.0 , 0.0 , 0.0
0.0 , 0.0 , 0.0

-0.10 , 0.00 , 0.00
0.13 , 0.00 , 0.00
0.00 , 0.00 , 0.00
0.09 , -0.13 , 1.01
0.00 , -0.44 , 0.00
0.28 , 0.00 , 0.00
0.03 , 0.13 , -1.10
0.25 , 0.34 , -0.15
0.03 , 0.06 , -0.06
0.35 , 0.16 , -0.19
-0.72 , 0.00 , 0.00
0.38 , -0.03 , 0.13
0.13 , -0.31 , 0.09
-0.47 , 0.06 , 0.00
0.34 , 0.00 , 0.00


50

0.0 , 0.1 , 0.0
0.0 , 0.0 , 0.0
0.0 , 0.0 , 0.0
0.0 , 0.0 , 0.0
0.0 , 0.0 , 0.0
0.0 , 0.0 , 0.0
0.0 , 0.0 , 0.0
0.0 , 0.0 , 0.0
0.0 , 0.0 , 0.0
0.0 , 0.0 , 0.0
0.0 , 0.0 , 0.0
0.0 , 0.0 , 0.0
0.0 , 0.0 , 0.0
0.0 , 0.0 , 0.0
0.0 , 0.0 , 0.0

0.00 , 0.00 , 0.00
0.00 , 0.00 , 0.00
0.00 , 0.00 , 0.00
0.00 , 0.00 , 1.04
0.00 , -0.44 , 0.16
0.28 , 0.00 , 0.00
0.00 , 0.00 , -1.10
0.06 , 0.22 , -0.15
0.03 , 0.06 , -0.06
0.25 , 0.16 , -0.19
-0.50 , 0.00 , 0.00
0.22 , 0.00 , 0.00
-0.13 , -0.31 , 0.09
-0.09 , 0.00 , 0.00
0.19 , 0.00 , 0.00


15
0
6

6

0.0 , 0.0 , 0.0
0.0 , 0.0 , 0.0
0.0 , 0.0 , 0.0
0.0 , 0.0 , 0.0
0.0 , 0.0 , 0.0
0.0 , 0.0 , 0.0
0.0 , 0.0 , 0.0
0.0 , 0.0 , 0.0
0.0 , 0.0 , 0.0
0.0 , 0.0 , 0.0
0.0 , 0.0 , 0.0
0.0 , 0.0 , 0.0
0.0 , 0.0 , 0.0
0.0 , 0.0 , 0.0
0.0 , 0.0 , 0.0

-0.35 , -0.19 , -0.03
0.22 , 0.18 , 0.03
0.31 , 0.25 , 0.09
0.15 , 0.03 , 1.07
0.44 , -1.57 , 0.22
0.00 , 0.06 , 0.28
-1.04 , -0.03 , -0.94
-0.12 , 0.59 , -0.19
0.15 , 0.13 , -0.09
-0.73 , 0.03 , 0.00
-0.82 , 0.03 , 0.00
-0.41 , 0.00 , 0.00
1.41 , 0.03 , 0.00
-0.92 , 0.00 , 0.00
0.44 , 0.00 , 0.00


6

0.0 , -3.1 , 0.0
0.0 , 0.0 , 0.0
0.0 , 0.0 , 0.0
0.0 , 0.0 , 0.0
0.0 , 0.0 , 0.0
0.0 , 0.0 , 0.0
0.0 , 0.0 , 0.0
0.0 , 0.0 , 0.0
0.0 , 0.0 , 0.0
0.0 , 0.0 , 0.0
0.0 , 0.0 , 0.0
0.0 , 0.0 , 0.0
0.0 , 0.0 , 0.0
0.0 , 0.0 , 0.0
0.0 , 0.0 , 0.0

-0.35 , -0.00 , -0.03
0.22 , -0.03 , 0.03
0.35 , -0.00 , 0.02
-0.03 , 0.03 , 1.07
0.00 , -0.54 , 0.00
0.00 , 0.06 , 0.28
0.18 , 0.09 , -1.29
0.13 , 0.47 , -0.31
0.00 , 0.00 , 0.00
0.59 , 0.03 , 0.00
-1.86 , 0.00 , 0.00
-0.35 , 0.00 , 0.00
0.53 , 0.00 , 0.00
-0.85 , 0.00 , 0.00
0.25 , 0.00 , 0.00


6

0.0 , -2.0 , 0.0
0.0 , 0.0 , 0.0
0.0 , 0.0 , 0.0
0.0 , 0.0 , 0.0
0.0 , 0.0 , 0.0
0.0 , 0.0 , 0.0
0.0 , 0.0 , 0.0
0.0 , 0.0 , 0.0
0.0 , 0.0 , 0.0
0.0 , 0.0 , 0.0
0.0 , 0.0 , 0.0
0.0 , 0.0 , 0.0
0.0 , 0.0 , 0.0
0.0 , 0.0 , 0.0
0.0 , 0.0 , 0.0

-0.35 , -0.13 , -0.03
0.22 , -0.00 , 0.03
0.34 , 0.12 , 0.06
-0.98 , 0.03 , 1.07
0.25 , -0.72 , 0.00
0.00 , 0.06 , 0.28
1.03 , 0.06 , -1.13
-0.09 , 0.53 , -0.16
0.00 , 0.00 , 0.00
1.50 , 0.03 , 0.00
-1.51 , 0.00 , 0.00
-0.13 , 0.00 , 0.00
-0.10 , 0.00 , 0.00
-0.98 , 0.00 , 0.00
-0.76 , 0.00 , 0.00


6

0.0 , 0.0 , 0.0
0.0 , 0.0 , 0.0
0.0 , 0.0 , 0.0
0.0 , 0.0 , 0.0
0.0 , 0.0 , 0.0
0.0 , 0.0 , 0.0
0.0 , 0.0 , 0.0
0.0 , 0.0 , 0.0
0.0 , 0.0 , 0.0
0.0 , 0.0 , 0.0
0.0 , 0.0 , 0.0
0.0 , 0.0 , 0.0
0.0 , 0.0 , 0.0
0.0 , 0.0 , 0.0
0.0 , 0.0 , 0.0

-0.35 , -0.03 , -0.03
0.22 , -0.07 , 0.03
0.31 , -0.00 , -0.00
-1.01 , 0.03 , 1.07
0.28 , -0.82 , 0.22
0.00 , 0.06 , 0.28
1.03 , 0.37 , -0.94
-0.06 , 1.56 , 0.00
0.06 , 0.00 , 0.00
1.63 , 0.03 , 0.00
-0.69 , 0.03 , 0.00
0.40 , 0.00 , 0.00
-0.91 , 0.03 , 0.00
-0.48 , 0.00 , 0.00
-0.57 , 0.00 , 0.00


6

0.0 , -3.24 , 0.0
0.0 , 0.0 , 0.0
0.0 , 0.0 , 0.0
0.0 , 0.0 , 0.0
0.0 , 0.0 , 0.0
0.0 , 0.0 , 0.0
0.0 , 0.0 , 0.0
0.0 , 0.0 , 0.0
0.0 , 0.0 , 0.0
0.0 , 0.0 , 0.0
0.0 , 0.0 , 0.0
0.0 , 0.0 , 0.0
0.0 , 0.0 , 0.0
0.0 , 0.0 , 0.0
0.0 , 0.0 , 0.0

-0.36 , -0.17 , 0.03
0.23 , 0.12 , 0.03
0.28 , 0.18 , 0.04
-0.13 , -0.03 , 1.07
0.25 , -0.68 , 0.20
0.06 , 0.07 , 0.28
-0.18 , -0.03 , -0.97
-0.05 , 1.08 , 0.03
0.12 , 0.00 , -0.03
0.79 , 0.03 , 0.00
-0.98 , 0.03 , 0.00
0.36 , 0.00 , 0.00
-0.22 , 0.03 , 0.00
-1.55 , 0.00 , 0.00
0.28 , 0.00 , 0.00


6

0.0 , -0.21 , 0.0
0.0 , 0.0 , 0.0
0.0 , 0.0 , 0.0
0.0 , 0.0 , 0.0
0.0 , 0.0 , 0.0
0.0 , 0.0 , 0.0
0.0 , 0.0 , 0.0
0.0 , 0.0 , 0.0
0.0 , 0.0 , 0.0
0.0 , 0.0 , 0.0
0.0 , 0.0 , 0.0
0.0 , 0.0 , 0.0
0.0 , 0.0 , 0.0
0.0 , 0.0 , 0.0
0.0 , 0.0 , 0.0

-0.38 , -0.08 , -0.00
0.28 , 0.11 , 0.03
0.27 , 0.06 , 0.01
0.47 , -0.28 , 1.07
0.09 , -0.54 , 0.14
0.32 , 0.09 , 0.28
-0.78 , -0.07 , -1.10
-0.06 , 1.00 , 0.13
0.35 , 0.00 , -0.16
0.07 , 0.03 , 0.00
-1.37 , 0.00 , 0.00
-0.05 , 0.00 , 0.00
1.03 , 0.00 , 0.00
-1.30 , 0.00 , 0.00
-0.16 , 0.00 , 0.00