3

data/MODEL/êÌì¨ã@/Battleship_body.x
data/MODEL/êÌì¨ã@/Battleship_wingL.x
data/MODEL/êÌì¨ã@/Battleship_wingR.x

-1
0
0

0.0 , 8.5 , 0.0
17.0 , 0.0 , 17.0
-17.0 , 0.0 , 17.0

0.0 , 0.0 , 0.0
0.0 , 0.0 , 0.0
0.0 , 0.0 , 0.0


8

3
1
2

2

0.0 , 0.0 , 0.00
0.0 , 0.0 , 0.00
0.0 , 0.0 , 0.00

0.00 , 0.00 , 0.00
0.00 , 0.00 , 0.00
0.00 , 0.00 , 0.00

2

0.0 , 0.0 , 0.00
0.0 , 0.0 , 0.00
0.0 , 0.0 , 0.00

0.00 , 0.00 , 0.00
0.00 , 0.00 , 0.00
0.00 , 0.00 , 0.00


3
1
2

2

0.0 , 0.0 , 0.00
0.0 , 0.0 , 0.00
0.0 , 0.0 , 0.00

0.00 , 0.00 , 0.00
0.00 , 0.00 , 0.00
0.00 , 0.00 , 0.00

2

0.0 , 0.0 , 0.00
0.0 , 0.0 , 0.00
0.0 , 0.0 , 0.00

0.00 , 0.00 , 0.00
0.00 , 0.00 , 0.00
0.00 , 0.00 , 0.00


3
1
2

5

0.0 , 0.0 , 0.00
0.0 , 0.0 , 0.00
0.0 , 0.0 , 0.00

0.19 , 0.00 , 0.00
0.09 , 0.00 , 0.00
0.09 , 0.00 , 0.00

5

0.0 , 0.0 , 0.00
0.0 , 0.0 , 0.00
0.0 , 0.0 , 0.00

0.41 , 0.00 , 0.00
0.19 , 0.00 , 0.00
0.19 , 0.00 , 0.00


3
1
2

5

0.0 , 0.0 , 0.00
0.0 , 0.0 , 0.00
0.0 , 0.0 , 0.00

-0.19 , 0.00 , 0.00
-0.09 , 0.00 , 0.00
-0.09 , 0.00 , 0.00

5

0.0 , 0.0 , 0.00
0.0 , 0.0 , 0.00
0.0 , 0.0 , 0.00

-0.41 , 0.00 , 0.00
-0.19 , 0.00 , 0.00
-0.19 , 0.00 , 0.00


3
0
6

5

0.0 , 0.0 , 0.00
0.0 , 0.0 , 0.00
0.0 , 0.0 , 0.00

0.00 , 0.00 , 0.25
0.13 , 0.00 , 0.00
-0.13 , 0.00 , 0.00

5

0.0 , 0.0 , 0.00
0.0 , 0.0 , 0.00
0.0 , 0.0 , 0.00

0.00 , 0.13 , 0.47
0.31 , 0.00 , 0.00
-0.31 , 0.00 , 0.00

5

0.0 , 0.0 , 0.00
0.0 , 0.0 , 0.00
0.0 , 0.0 , 0.00

0.00 , 0.31 , 0.75
0.25 , 0.00 , 0.00
-0.06 , 0.00 , 0.00

5

0.0 , 0.0 , 0.00
0.0 , 0.0 , 0.00
0.0 , 0.0 , 0.00

0.00 , 0.57 , 0.97
0.13 , 0.00 , 0.00
-0.13 , 0.00 , 0.00

5

0.0 , 0.0 , 0.00
0.0 , 0.0 , 0.00
0.0 , 0.0 , 0.00

0.00 , 0.72 , 1.13
0.06 , 0.00 , 0.00
-0.06 , 0.00 , 0.00

5

0.0 , 0.0 , 0.00
0.0 , 0.0 , 0.00
0.0 , 0.0 , 0.00

0.00 , 0.85 , 1.26
0.00 , 0.00 , 0.00
0.00 , 0.00 , 0.00


3
0
6

5

0.0 , 0.0 , 0.00
0.0 , 0.0 , 0.00
0.0 , 0.0 , 0.00

0.00 , 0.00 , -0.25
-0.13 , 0.00 , 0.00
0.13 , 0.00 , -0.00

5

0.0 , 0.0 , 0.00
0.0 , 0.0 , 0.00
0.0 , 0.0 , 0.00

0.00 , -0.13 , -0.47
-0.31 , 0.00 , 0.00
0.31 , 0.00 , 0.00

5

0.0 , 0.0 , 0.00
0.0 , 0.0 , 0.00
0.0 , 0.0 , 0.00

0.00 , -0.31 , -0.75
-0.25 , 0.00 , 0.00
0.06 , 0.00 , 0.00

5

0.0 , 0.0 , 0.00
0.0 , 0.0 , 0.00
0.0 , 0.0 , 0.00

0.00 , -0.57 , -0.97
-0.13 , 0.00 , 0.00
0.13 , 0.00 , 0.00

5

0.0 , 0.0 , 0.00
0.0 , 0.0 , 0.00
0.0 , 0.0 , 0.00

0.00 , -0.72 , -1.13
-0.06 , 0.00 , 0.00
0.06 , 0.00 , 0.00

5

0.0 , 0.0 , 0.00
0.0 , 0.0 , 0.00
0.0 , 0.0 , 0.00

0.00 , -0.85 , -1.26
0.00 , 0.00 , 0.00
0.00 , 0.00 , 0.00


3
0
7

20

0.0 , 0.0 , 0.00
0.0 , 0.0 , 0.00
0.0 , 0.0 , 0.00

0.00 , 0.00 , 0.31
0.25 , 0.00 , 0.00
-0.25 , 0.00 , 0.00

20

0.0 , 0.0 , 0.00
0.0 , 0.0 , 0.00
0.0 , 0.0 , 0.00

0.00 , 0.00 , 1.04
0.41 , 0.00 , 0.00
-0.41 , 0.00 , 0.00

20

0.0 , 0.0 , 0.00
0.0 , 0.0 , 0.00
0.0 , 0.0 , 0.00

0.00 , 0.00 , 2.32
0.41 , 0.00 , 0.00
-0.41 , 0.00 , 0.00

20

0.0 , 0.0 , 0.00
0.0 , 0.0 , 0.00
0.0 , 0.0 , 0.00

0.00 , 0.00 , -3.14
0.41 , 0.00 , 0.00
-0.41 , 0.00 , 0.00

20

0.0 , 0.0 , 0.00
0.0 , 0.0 , 0.00
0.0 , 0.0 , 0.00

0.00 , 0.00 , -2.32
0.41 , 0.00 , 0.00
-0.41 , 0.00 , 0.00

20

0.0 , 0.0 , 0.00
0.0 , 0.0 , 0.00
0.0 , 0.0 , 0.00

0.00 , 0.00 , -1.04
0.41 , 0.00 , 0.00
-0.41 , 0.00 , 0.00

20

0.0 , 0.0 , 0.00
0.0 , 0.0 , 0.00
0.0 , 0.0 , 0.00

0.00 , 0.00 , -0.31
0.25 , 0.00 , 0.00
-0.25 , 0.00 , 0.00


3
0
7

20

0.0 , 0.0 , 0.00
0.0 , 0.0 , 0.00
0.0 , 0.0 , 0.00

0.00 , 0.00 , -0.31
-0.25 , 0.00 , 0.00
0.25 , 0.00 , 0.00

20

0.0 , 0.0 , 0.00
0.0 , 0.0 , 0.00
0.0 , 0.0 , 0.00

0.00 , 0.00 , -1.04
-0.41 , 0.00 , 0.00
0.41 , 0.00 , 0.00

20

0.0 , 0.0 , 0.00
0.0 , 0.0 , 0.00
0.0 , 0.0 , 0.00

0.00 , 0.00 , -2.32
-0.41 , 0.00 , 0.00
0.41 , 0.00 , 0.00

20

0.0 , 0.0 , 0.00
0.0 , 0.0 , 0.00
0.0 , 0.0 , 0.00

0.00 , 0.00 , 3.14
-0.41 , 0.00 , 0.00
0.41 , 0.00 , 0.00

20

0.0 , 0.0 , 0.00
0.0 , 0.0 , 0.00
0.0 , 0.0 , 0.00

-0.00 , 0.00 , 2.32
-0.41 , 0.00 , 0.00
0.41 , 0.00 , 0.00

20

0.0 , 0.0 , 0.00
0.0 , 0.0 , 0.00
0.0 , 0.0 , 0.00

0.00 , 0.00 , 1.04
-0.41 , 0.00 , 0.00
0.41 , 0.00 , 0.00

20

0.0 , 0.0 , 0.00
0.0 , 0.0 , 0.00
0.0 , 0.0 , 0.00

0.00 , 0.00 , 0.31
-0.25 , 0.00 , 0.00
0.25 , 0.00 , 0.00
